45577
345914
1053324
63632
63632
585988
585988
346692
346692
2890055
2890055
118891
118891
50452
50452
50452
50452
78191
78191
746018
586526
586526
571359
35608
35608
35608
259893
259893
259893
1903206
86312
223870
525641
525641
525641
525641
866018
1521163
189839
203270
203270
121720
258209
258209
405021
405021
995051
995051
1943797
1943797
596532
596532
405022
405022
405023
405023
596533
596533
596534
596534
405024
405024
191398
191398
977896
977896
596536
596536
309941
309941
85657
203806
103933
103933
309944
309944
395515
207624
217217
130686
2562068
85658
395520
203811
203811
103934
103934
103934
103934
207634
207634
207636
85660
85660
85661
85661
30191
130704
132113
132113
132113
85663
85663
1164557
30192
30192
30192
30193
30193
103936
103936
203813
203813
2024865
2024865
65598
65598
65598
130707
1196864
28643
28643
309970
130708
30194
30194
85668
396416
396416
207645
309971
421273
395565
203818
203818
184059
1869276
30201
309975
30195
30195
30195
30195
30195
686820
2705178
2705178
2705178
2705178
2705178
30202
207650
207650
207650
395577
198258
649659
989334
3023605
49296
135145
49291
49291
209733
140783
140783
234466
234466
502401
502401
314410
234461
234461
241205
241205
240680
240680
234467
234467
241206
241206
241207
241207
15193
15193
372269
100296
372271
372271
544730
140873
234464
234464
544733
312760
312760
312760
418179
312762
312765
312765
241230
241230
241230
314463
240682
240682
241234
241234
346753
346753
1519100
1519100
928250
1218962
2905844
1218965
127563
1460289
174044
184061
174049
174053
174056
50926
50926
174060
27339
195770
196765
1353983
2487631
1400770
174062
195777
184108
2487584
50943
174067
111670
111670
111670
174070
2040733
2040733
2040733
2040733
2040733
2040733
2040733
2040733
2040733
3420003
3420003
174074
174074
174074
174074
174045
174045
174076
195789
174080
174080
174080
174080
89940
89940
89940
89940
89940
89940
1442370
1442370
2448088
86049
1279043
1279043
386627
3044281
1949210
569365
569365
569365
1182543
1182543
1182544
1182544
120202
120202
42854
27404
27404
575233
85468
35525
35525
35525
35525
35525
35525
35525
35525
35525
35527
35527
6669
6669
6669
6669
6669
6669
6669
6669
6669
6669
6669
6669
6669
6669
35523
35523
35523
35523
35523
35523
1820382
27295
27295
27296
58627
58627
58627
58627
58627
4959
4959
4959
4959
4959
4959
4959
4959
4959
4959
4959
4959
4959
4959
4959
4959
4959
4959
4959
4959
4959
4959
4959
4959
4959
4959
4959
4959
4959
4959
4959
4959
4959
4959
4959
4959
4959
4959
4959
4959
4959
4959
4959
4959
4959
4959
4959
4959
4959
4959
4959
4959
4959
4959
4959
4959
4959
4959
4959
4959
4959
4959
4959
284592
284592
284592
284592
1118155
27297
27297
27299
27299
27299
148098
148098
28555
28555
28555
526733
526733
1853546
2951366
522693
522358
28551
370026
370036
1184801
1184801
984905
2578515
1751538
1213867
1348612
492533
33132
33132
210355
210355
1293975
112253
474999
475003
475003
475394
475394
464051
89681
464072
2796348
1830378
3380366
609761
72781
72781
72779
72779
485107
255794
84560
258705
258706
258706
208978
208980
208979
210448
2109649
1091537
73102
73102
3097545
553044
50765
50768
76867
1448309
2996
285026
165582
165583
225431
467874
71954
467854
1032817
1032817
165588
71955
217426
467864
2822767
2822767
467873
181886
1868146
1169566
1169566
247611
308473
2926725
187635
1095629
486041
486041
344589
344589
344589
344589
416441
152933
152933
55514
55514
55514
326039
326039
416442
416442
416442
1932122
222702
222702
1907521
1932123
111141
111137
2175976
2175975
152947
152947
217427
1740625
466727
2768093
2768094
707887
707887
247612
2583952
707889
49179
707891
143735
143735
43171
43171
76578
368684
368684
1053365
1053365
630110
630110
59018
59018
169227
169227
110024
110024
2783810
878211
878211
303405
303400
2742595
3041873
3041873
2041349
3034176
3034176
3398185
346812
346812
284366
284366
284366
284366
284366
357465
357466
215227
74822
74823
3469
3469
3469
3469
2316158
576137
153785
153785
128015
128015
128015
128015
93036
289077
269367
269367
165094
4545
289064
129212
752062
752065
184183
1637976
175095
175095
170927
170927
170927
175104
175104
175104
8386
8386
88642
1918518
177636
1875977
1875977
2994438
2994440
1053388
242533
273503
273503
1234504
242528
32119
482377
2017508
3163303
3163303
1897646
98861
40490
111140
111140
258981
71964
152958
1033783
1033783
131541
176794
176794
466936
466936
152963
152964
152964
152965
152966
152966
2175969
152972
152972
517384
71688
71688
1149847
1149847
75699
75699
75699
75706
75706
2182728
2182728
2182728
172267
172267
470278
470278
1413687
1413687
1413687
77062
77062
77064
77064
2511006
218388
218388
77065
77065
77065
77065
77065
77065
467613
467613
75717
75717
1278906
1278906
1278906
1278906
1278906
889485
40686
40686
40686
102714
102714
29771
88878
23028
23028
23029
121540
121540
121554
121554
121557
121557
85882
85882
39875
42034
37657
37657
37657
37657
52853
39899
1857566
39919
42043
350623
174043
373712
198303
229869
164538
164539
164540
2785798
414939
654496
370292
56493
157179
157179
13290
13290
13290
13290
13290
13290
13290
13290
13290
13290
13290
13290
13290
13290
13290
13290
13291
13291
13291
13291
13291
13291
13291
13291
13291
13291
13291
157181
157181
157182
155126
155126
155126
155126
155126
155126
155126
155126
155126
155126
43049
43049
43049
43049
43049
43049
43049
43049
43049
157183
157183
157183
157183
157183
157183
157183
1031713
315503
168555
117179
117179
2881124
2881124
2719107
2719107
2867262
2867262
2025111
2025111
312236
2736688
2736688
2867263
2867263
2741129
2741129
660911
660911
287362
287365
287365
287238
287238
287367
287367
287373
287373
287248
287248
287375
287375
287375
287375
287327
287345
287345
287354
287354
