102714
1118155
118891
127563
128015
129212
1293975
13291
1348612
135145
1413687
143735
1448309
1521163
152933
152972
153785
164540
169227
174074
175095
177636
1875977
187635
1943797
198258
210355
2109649
229869
23028
241230
242528
258209
259893
2741129
2822767
284366
284592
287373
2890055
2905844
29771
2996
30195
303400
3097545
32119
346753
346812
3469
350623
35523
368684
370026
370292
37657
414939
43171
464072
466727
475003
486041
492533
4959
50452
569365
576137
585988
59018
63632
707889
72781
73102
76867
8386
85882
866018
878211
88642
93036
984905
989334
