1553348
1659903
134639
795044
795045
346724
81839
2891110
525771
309942
1553373
338686
338688
2998212
135145
651987
1553385
2905844
1982783
1659357
1553251
370026
1485667
1405138
1926177
1107644
111071
1553407
685684
1501873
187635
707889
1553531
1553837
1267525
186513
85710
2864982
220402
220395
1149905
1177201
1398205
221504
1553643
1553662
1250597
1483593
3123227
229869
1483842
2886538
92075
287373
95767
129212
324491
140628
2875554
184104
408822
858854
304816
1963269
391068
36063
139363
226588
467821
344590
596920
62722
168919
88642
176815
315203
439840
350623
164537
56490
157178
128766
128767
397257
651695
282750
1395542
199609
2890055
1532265
50452
223866
29672
2707515
186720
428162
140813
230722
271547
1435664
749266
122554
2045230
1351830
184082
1293966
475014
52153
1091530
157520
1085736
138601
362598
299780
1715899
630096
46319
410632
28933
28935
357475
664874
87701
93036
175055
370683
450006
242528
32119
395313
77067
102714
1385497
83410
29771
85263
212688
1534596
1886436
39862
127563
2996
415614
245077
328905
611450
42846
1042862
1355900
3040858
984906
1751537
1751540
484033
327266
2881961
903428
2578536
2717729
466727
441507
1795230
2961521
315524
1751541
903422
611584
342899
1780255
925971
1751544
1876357
2604012
2014047
1678822
3123433
1875977
1875987
1790224
611691
332565
286097
271024
431333
1577080
285081
431330
303395
185980
216617
97227
3135909
431400
2528720
1753982
2267583
431577
431585
214434
426662
4959
27898
204742
159298
284366
